Webots Project File version R2022b
perspectives: 000000ff00000000fd0000000400000000000001ca0000039ffc0200000001fb00000012005300630065006e0065005400720065006501000000000000039f0000000000000000000000010000070000000334fc0200000001fb0000001400540065007800740045006400690074006f00720000000000000003340000004500ffffff000000020000038000000410fc0100000001fb0000001a0043006f006e0073006f006c00650041006c006c0041006c006c0100000000000003800000000000000000000000030000070000000410fc0100000001fb0000000e0043006f006e0073006f006c006501000001d0000005b00000000000000000000007000000042d00000004000000040000000100000008fc00000000
simulationViewPerspectives: 000000ff00000001000000020000016c000004a00100000002010000000101
sceneTreePerspectives: 000000ff00000001000000030000001e000003f0000000fa0100000002010000000201
maximizedDockId: -1
centralWidgetVisible: 1
orthographicViewHeight: 1
textFiles: -1
renderingDevicePerspectives: UR5e:camera;1;1;0;0
renderingDevicePerspectives: UR5e:range-finder;1;0.659375;0;0.00099108
