Webots Project File version R2022b
perspectives: 000000ff00000000fd00000002000000010000008700000475fc0200000001fb0000001400540065007800740045006400690074006f00720100000000000004750000004500ffffff0000000300000500000000d9fc0100000001fb0000001a0043006f006e0073006f006c00650041006c006c0041006c006c0100000000000005000000008700ffffff000004770000047500000001000000020000000100000008fc00000000
simulationViewPerspectives: 000000ff000000010000000200000000000004750100000002010000000101
sceneTreePerspectives: 000000ff00000001000000030000001e000001dd000000fa0100000002010000000201
minimizedPerspectives: 000000ff00000000fd0000000300000000000001ca0000039ffc0200000001fb00000012005300630065006e0065005400720065006501000000000000039f000000000000000000000001000006010000042dfc0200000001fb0000001400540065007800740045006400690074006f007200000000000000042d0000004500ffffff0000000300000380000001d4fc0100000002fb0000000e0043006f006e0073006f006c006501000001d0000005b00000000000000000fb0000001a0043006f006e0073006f006c00650041006c006c0041006c006c0100000000000003800000008700ffffff000003800000023a00000004000000040000000100000008fc00000000
maximizedDockId: -1
centralWidgetVisible: 1
orthographicViewHeight: 1
textFiles: -1
globalOptionalRendering: CameraFrustums
consoles: Console:All:All
renderingDevicePerspectives: UR5e:camera;1;0.596875;0;0
renderingDevicePerspectives: UR5e:range-finder;1;0.484375;0.664225;0
